-94273 11895 -97330 10507
10699 -27004 11957 -27907
38586 21410 38801 21387
-81917 -80635 -64077 -56183 -30869 4136 17148 24638 45964 46608 47864 79987 82883 87846 93869 
-87681 -85564 -67431 -63281 -57811 -50164 -28703 -21509 -18647 -15768 -1547 18783 24609 32906 93660 
-56827 -56315 -29771 -20813 -11527 10199 11246 11823 27672 37506 44927 57544 60843 77566 94847 
-93079 -91270 -44008 -43644 -39942 -24820 -21879 -15119 -12473 1012 11561 48186 55824 62543 88058 
-84239 -42344 -35980 -21295 -17250 -16234 28313 42937 48832 63375 68880 69307 80794 82608 89435 
-71561 -49130 -41851 -23849 -17423 -13834 -993 13533 29967 41692 42937 51984 77133 97582 97914 
-83343 -66283 -61870 -37158 -20593 -13034 -12140 19448 32910 35355 39851 66554 71901 75472 91641 
-91152 -87773 -72371 -62579 -49978 -26884 -25174 4508 13096 41380 60069 63720 70175 80389 83428 
-97676 -82203 -70173 -69163 -68208 -45139 -41303 10692 14219 24398 24732 67961 75874 78314 93429 
-98492 -96419 -65531 -59526 -57101 -52843 -40154 -16207 33445 34889 49650 64483 68674 72263 92868 
-94101 -81218 -73955 -71671 -69237 -59908 -33180 -22079 -2324 3926 29017 31750 51061 60979 88354 
-96533 -72917 -72507 -71888 -64897 -60303 -37711 -23369 -20501 -18746 -2837 34926 50733 57929 75856 
-95865 -94569 -93009 -45823 -34670 -24099 -13774 -11245 2872 10659 31055 46113 52265 53154 99681 
-58728 -45296 -27720 -15534 -3150 -2029 3826 17716 28387 29778 42301 44732 67436 73892 76099 
-83544 -75299 -70080 -59901 -29480 -26282 -7015 668 9577 30274 57251 65548 75391 77072 96980 
-13314 25487 -13383 25500
13862
56280 -2942 56268 -2952
93869 87846 82883 79987 47864 46608 45964 24638 17148 4136 -30869 -56183 -64077 -80635 -81917 
93660 32906 24609 18783 -1547 -15768 -18647 -21509 -28703 -50164 -57811 -63281 -67431 -85564 -87681 
94847 77566 60843 57544 44927 37506 27672 11823 11246 10199 -11527 -20813 -29771 -56315 -56827 
88058 62543 55824 48186 11561 1012 -12473 -15119 -21879 -24820 -39942 -43644 -44008 -91270 -93079 
89435 82608 80794 69307 68880 63375 48832 42937 28313 -16234 -17250 -21295 -35980 -42344 -84239 
97914 97582 77133 51984 42937 41692 29967 13533 -993 -13834 -17423 -23849 -41851 -49130 -71561 
91641 75472 71901 66554 39851 35355 32910 19448 -12140 -13034 -20593 -37158 -61870 -66283 -83343 
83428 80389 70175 63720 60069 41380 13096 4508 -25174 -26884 -49978 -62579 -72371 -87773 -91152 
93429 78314 75874 67961 24732 24398 14219 10692 -41303 -45139 -68208 -69163 -70173 -82203 -97676 
92868 72263 68674 64483 49650 34889 33445 -16207 -40154 -52843 -57101 -59526 -65531 -96419 -98492 
88354 60979 51061 31750 29017 3926 -2324 -22079 -33180 -59908 -69237 -71671 -73955 -81218 -94101 
75856 57929 50733 34926 -2837 -18746 -20501 -23369 -37711 -60303 -64897 -71888 -72507 -72917 -96533 
99681 53154 52265 46113 31055 10659 2872 -11245 -13774 -24099 -34670 -45823 -93009 -94569 -95865 
76099 73892 67436 44732 42301 29778 28387 17716 3826 -2029 -3150 -15534 -27720 -45296 -58728 
96980 77072 75391 65548 57251 30274 9577 668 -7015 -26282 -29480 -59901 -70080 -75299 -83544 
4221 31379 -29267 26209
13862
-61495 -41263 -61812 -41918
13862
74156 81164 74288 81138
51060 -18601 47512 -20143
13862
