30530
28829
28829
28829
28829
32078
3584 87136 3102 87320
-90952 -79653 -55491 -53424 -51515 -49301 -40568 -22546 -17925 -4853 638 1029 5092 20800 61253 69464 77685 95658 95690 
-98315 -95018 -83379 -69228 -60500 -59669 -58050 -49824 -46612 -24499 -23316 -14043 22991 36884 44818 51558 52229 57096 78957 
-98657 -80463 -78160 -57615 -48405 -47116 -34095 -32816 -22685 -8744 -1280 6586 13499 16830 19913 51468 58981 63226 88405 
-68468 -64307 -58214 -54622 -43335 -33299 -32147 -14004 -6761 17616 23338 33221 42178 42684 57139 78831 88708 89868 97849 
-89446 -89415 -84810 -62856 -62533 -62500 -60623 -46525 -44383 -35400 -26724 -10419 -8838 7648 53022 55594 63658 67383 96835 
-83441 -80558 -80279 -68599 -62337 -60583 -56449 -27612 -16538 -5635 12381 12394 27620 44413 67116 74365 88490 94765 98393 
-99677 -94547 -83511 -53944 -42282 -34870 -27535 -24731 -12698 -9343 -8321 -7959 6336 7876 31016 34438 64719 70279 81335 
-88196 -86937 -78747 -78022 -70741 -45533 -12532 -9949 -6434 -994 2031 13536 23912 35640 40226 47753 55079 55855 91774 
-89524 -88129 -58936 -52332 -43391 -37891 -31695 -30611 -1579 39355 39527 44092 44828 46423 56323 76559 77300 87824 96640 
-88703 -69639 -55126 -54725 -49789 -49734 -38650 -17685 -14735 -12913 -12397 18754 20671 21209 48355 48505 61801 71452 89976 
-98047 -89843 -82417 -74057 -68013 -59036 -58856 -40213 -17591 -306 985 9661 17451 22249 37897 48728 50002 62458 79161 
-94090 -92437 -91862 -79335 -68247 -62203 -43521 -37622 -23735 -15677 21635 27068 32913 40298 67240 75873 82362 93801 93942 
-90386 -87042 -86261 -80354 -61613 -51228 -47923 -41495 -24229 -21588 -18210 -2538 10320 12158 15641 36820 49882 81966 94399 
-73789 -61032 -48338 -22724 -13087 -10127 -8470 -5525 11694 24545 45807 61108 63759 63906 67347 80758 81012 88377 97183 
-99916 -80965 -74531 -60187 -57926 -3814 -2926 448 3670 14478 24687 34819 43166 55972 58265 63981 70238 96606 99408 
-97589 -95357 -71225 -65090 -36564 -18904 9808 12682 18762 33083 38336 39963 65215 68891 71507 78916 81675 86065 95892 
-98871 -95958 -95475 -89837 -73307 -69088 -68704 -60221 -23426 -259 1666 7134 46529 52064 74793 78861 81003 89824 92551 
-84505 -45563 -42939 -39804 -39242 -38327 -22819 -11645 10467 10804 26495 30350 31699 37502 39082 59801 64625 97069 97752 
-90048 -57628 -54698 -39421 -39378 -17608 -14525 -11504 2388 3734 16907 32832 40592 50684 54458 59149 71487 78979 90264 
3154 68262 3159 68226
-90952 -79653 -55491 -53424 -51515 -49301 -40568 -22546 -17925 -4853 638 1029 5092 20800 61253 69464 77685 95658 95690 
-98315 -95018 -83379 -69228 -60500 -59669 -58050 -49824 -46612 -24499 -23316 -14043 22991 36884 44818 51558 52229 57096 78957 
-98657 -80463 -78160 -57615 -48405 -47116 -34095 -32816 -22685 -8744 -1280 6586 13499 16830 19913 51468 58981 63226 88405 
-68468 -64307 -58214 -54622 -43335 -33299 -32147 -14004 -6761 17616 23338 33221 42178 42684 57139 78831 88708 89868 97849 
-89446 -89415 -84810 -62856 -62533 -62500 -60623 -46525 -44383 -35400 -26724 -10419 -8838 7648 53022 55594 63658 67383 96835 
-83441 -80558 -80279 -68599 -62337 -60583 -56449 -27612 -16538 -5635 12381 12394 27620 44413 67116 74365 88490 94765 98393 
-99677 -94547 -83511 -53944 -42282 -34870 -27535 -24731 -12698 -9343 -8321 -7959 6336 7876 31016 34438 64719 70279 81335 
-88196 -86937 -78747 -78022 -70741 -45533 -12532 -9949 -6434 -994 2031 13536 23912 35640 40226 47753 55079 55855 91774 
-89524 -88129 -58936 -52332 -43391 -37891 -31695 -30611 -1579 39355 39527 44092 44828 46423 56323 76559 77300 87824 96640 
-88703 -69639 -55126 -54725 -49789 -49734 -38650 -17685 -14735 -12913 -12397 18754 20671 21209 48355 48505 61801 71452 89976 
-98047 -89843 -82417 -74057 -68013 -59036 -58856 -40213 -17591 -306 985 9661 17451 22249 37897 48728 50002 62458 79161 
-94090 -92437 -91862 -79335 -68247 -62203 -43521 -37622 -23735 -15677 21635 27068 32913 40298 67240 75873 82362 93801 93942 
-90386 -87042 -86261 -80354 -61613 -51228 -47923 -41495 -24229 -21588 -18210 -2538 10320 12158 15641 36820 49882 81966 94399 
-73789 -61032 -48338 -22724 -13087 -10127 -8470 -5525 11694 24545 45807 61108 63759 63906 67347 80758 81012 88377 97183 
-99916 -80965 -74531 -60187 -57926 -3814 -2926 448 3670 14478 24687 34819 43166 55972 58265 63981 70238 96606 99408 
-97589 -95357 -71225 -65090 -36564 -18904 9808 12682 18762 33083 38336 39963 65215 68891 71507 78916 81675 86065 95892 
-98871 -95958 -95475 -89837 -73307 -69088 -68704 -60221 -23426 -259 1666 7134 46529 52064 74793 78861 81003 89824 92551 
-84505 -45563 -42939 -39804 -39242 -38327 -22819 -11645 10467 10804 26495 30350 31699 37502 39082 59801 64625 97069 97752 
-90048 -57628 -54698 -39421 -39378 -17608 -14525 -11504 2388 3734 16907 32832 40592 50684 54458 59149 71487 78979 90264 
59938 -40589 59948 -40586
32078
32078
95690 95658 77685 69464 61253 20800 5092 1029 638 -4853 -17925 -22546 -40568 -49301 -51515 -53424 -55491 -79653 -90952 
78957 57096 52229 51558 44818 36884 22991 -14043 -23316 -24499 -46612 -49824 -58050 -59669 -60500 -69228 -83379 -95018 -98315 
88405 63226 58981 51468 19913 16830 13499 6586 -1280 -8744 -22685 -32816 -34095 -47116 -48405 -57615 -78160 -80463 -98657 
97849 89868 88708 78831 57139 42684 42178 33221 23338 17616 -6761 -14004 -32147 -33299 -43335 -54622 -58214 -64307 -68468 
96835 67383 63658 55594 53022 7648 -8838 -10419 -26724 -35400 -44383 -46525 -60623 -62500 -62533 -62856 -84810 -89415 -89446 
98393 94765 88490 74365 67116 44413 27620 12394 12381 -5635 -16538 -27612 -56449 -60583 -62337 -68599 -80279 -80558 -83441 
81335 70279 64719 34438 31016 7876 6336 -7959 -8321 -9343 -12698 -24731 -27535 -34870 -42282 -53944 -83511 -94547 -99677 
91774 55855 55079 47753 40226 35640 23912 13536 2031 -994 -6434 -9949 -12532 -45533 -70741 -78022 -78747 -86937 -88196 
96640 87824 77300 76559 56323 46423 44828 44092 39527 39355 -1579 -30611 -31695 -37891 -43391 -52332 -58936 -88129 -89524 
89976 71452 61801 48505 48355 21209 20671 18754 -12397 -12913 -14735 -17685 -38650 -49734 -49789 -54725 -55126 -69639 -88703 
79161 62458 50002 48728 37897 22249 17451 9661 985 -306 -17591 -40213 -58856 -59036 -68013 -74057 -82417 -89843 -98047 
93942 93801 82362 75873 67240 40298 32913 27068 21635 -15677 -23735 -37622 -43521 -62203 -68247 -79335 -91862 -92437 -94090 
94399 81966 49882 36820 15641 12158 10320 -2538 -18210 -21588 -24229 -41495 -47923 -51228 -61613 -80354 -86261 -87042 -90386 
97183 88377 81012 80758 67347 63906 63759 61108 45807 24545 11694 -5525 -8470 -10127 -13087 -22724 -48338 -61032 -73789 
99408 96606 70238 63981 58265 55972 43166 34819 24687 14478 3670 448 -2926 -3814 -57926 -60187 -74531 -80965 -99916 
95892 86065 81675 78916 71507 68891 65215 39963 38336 33083 18762 12682 9808 -18904 -36564 -65090 -71225 -95357 -97589 
92551 89824 81003 78861 74793 52064 46529 7134 1666 -259 -23426 -60221 -68704 -69088 -73307 -89837 -95475 -95958 -98871 
97752 97069 64625 59801 39082 37502 31699 30350 26495 10804 10467 -11645 -22819 -38327 -39242 -39804 -42939 -45563 -84505 
90264 78979 71487 59149 54458 50684 40592 32832 16907 3734 2388 -11504 -14525 -17608 -39378 -39421 -54698 -57628 -90048 
32078
