-45994 83141 -47519 99654 -81413 895 54132 24509 16754 34409 -42855 -8883 -85471 -88351 52553 -46073 44029 72286 -57234 
98975 -99812 78886 96952 -37741 92154 -88067 -27333 -65185 -81553 -65797 -7020 -37542 92888 -16667 -72249 47671 -78024 99392 
-82705 98244 -25597 -73025 43162 -63089 -72796 -36305 68982 -23145 -71356 982 13952 -97311 3889 -99823 -2601 -86305 44903 
-18372 76495 -43359 38661 -2789 -76028 -47991 -90605 49785 98506 64064 -67246 -3879 -58608 -6154 59198 -61155 -52386 -35006 
96280 -14795 10672 9555 61462 -7065 -44345 -67854 93627 -34936 -1420 -88038 13997 87855 -72605 -22153 75032 -85003 -11790 
15469 -73207 -21040 -77320 -48461 -21172 12643 87111 55260 75623 -32973 -57360 55677 80390 32109 -84587 6307 -69237 68514 
-44469 55343 -7390 34160 14520 -51216 -81016 -30301 9364 89712 -86557 18221 -58802 60195 75233 -70325 -76906 15226 -53480 
-70040 98986 -94001 8275 15530 21512 6098 88499 -82844 81662 62244 -82824 -75132 70178 -49316 13650 -34510 -74521 39988 
78731 10775 3414 -66128 24149 17897 54554 16652 23189 -91473 -31854 48795 -85486 -19192 -14536 36744 95557 -9757 37416 
61896 -54804 53637 -11984 38760 96805 5195 -1794 51360 -83795 96726 54128 40221 -39778 45276 18455 2752 12780 -26057 
-68521 -72161 93652 -23395 52361 -20950 68872 63570 -9317 -88101 842 -64054 -66295 15293 -75537 98791 15940 95425 81005 
2911 -84527 73295 -43706 -80414 -27991 -47889 35651 -65400 15281 -93429 78959 -53013 18692 -20921 -73894 75077 30305 12251 
41558 -25137 41548 -89237 43633 60309 10549 -97730 -23473 -19086 17812 63367 51542 -50890 70588 -53979 -16143 -31114 -38887 
-93353 53751 -51788 41437 23443 -75499 94292 -88455 29642 19125 -2413 -48323 50001 -70365 -40783 -99980 63614 711 -33949 
-19611 -55132 40469 -24356 -87924 -94078 45435 85973 39623 -32806 5934 8801 -49409 68661 -90248 70399 -85627 17555 32567 
-66594 65663 23783 -55904 64285 -81406 40918 -1918 31922 2315 3633 99428 57316 12474 63684 38763 -53498 38522 44175 
23020 -7175 -18085 94357 61418 25214 62341 -32284 -68221 24599 37149 18923 55183 -98303 71924 -89724 -25444 6149 -21654 
78235 25260 -39077 9022 17575 62882 6343 34866 -12301 -52288 -91451 14725 -2546 -57223 78479 92930 71522 60290 29146 
-92644 32981 -38045 18835 28682 -93496 18219 -77290 -99162 7193 -26073 53917 -61308 -11837 -54753 85387 -53419 -62396 -31611 
31524
11272 39867 11431 39989
29880
82855 -34066 83006 -34112
-88351 -85471 -81413 -57234 -47519 -46073 -45994 -42855 -8883 895 16754 24509 34409 44029 52553 54132 72286 83141 99654 
-99812 -88067 -81553 -78024 -72249 -65797 -65185 -37741 -37542 -27333 -16667 -7020 47671 78886 92154 92888 96952 98975 99392 
-99823 -97311 -86305 -82705 -73025 -72796 -71356 -63089 -36305 -25597 -23145 -2601 982 3889 13952 43162 44903 68982 98244 
-90605 -76028 -67246 -61155 -58608 -52386 -47991 -43359 -35006 -18372 -6154 -3879 -2789 38661 49785 59198 64064 76495 98506 
-88038 -85003 -72605 -67854 -44345 -34936 -22153 -14795 -11790 -7065 -1420 9555 10672 13997 61462 75032 87855 93627 96280 
-84587 -77320 -73207 -69237 -57360 -48461 -32973 -21172 -21040 6307 12643 15469 32109 55260 55677 68514 75623 80390 87111 
-86557 -81016 -76906 -70325 -58802 -53480 -51216 -44469 -30301 -7390 9364 14520 15226 18221 34160 55343 60195 75233 89712 
-94001 -82844 -82824 -75132 -74521 -70040 -49316 -34510 6098 8275 13650 15530 21512 39988 62244 70178 81662 88499 98986 
-91473 -85486 -66128 -31854 -19192 -14536 -9757 3414 10775 16652 17897 23189 24149 36744 37416 48795 54554 78731 95557 
-83795 -54804 -39778 -26057 -11984 -1794 2752 5195 12780 18455 38760 40221 45276 51360 53637 54128 61896 96726 96805 
-88101 -75537 -72161 -68521 -66295 -64054 -23395 -20950 -9317 842 15293 15940 52361 63570 68872 81005 93652 95425 98791 
-93429 -84527 -80414 -73894 -65400 -53013 -47889 -43706 -27991 -20921 2911 12251 15281 18692 30305 35651 73295 75077 78959 
-97730 -89237 -53979 -50890 -38887 -31114 -25137 -23473 -19086 -16143 10549 17812 41548 41558 43633 51542 60309 63367 70588 
-99980 -93353 -88455 -75499 -70365 -51788 -48323 -40783 -33949 -2413 711 19125 23443 29642 41437 50001 53751 63614 94292 
-94078 -90248 -87924 -85627 -55132 -49409 -32806 -24356 -19611 5934 8801 17555 32567 39623 40469 45435 68661 70399 85973 
-81406 -66594 -55904 -53498 -1918 2315 3633 12474 23783 31922 38522 38763 40918 44175 57316 63684 64285 65663 99428 
-98303 -89724 -68221 -32284 -25444 -21654 -18085 -7175 6149 18923 23020 24599 25214 37149 55183 61418 62341 71924 94357 
-91451 -57223 -52288 -39077 -12301 -2546 6343 9022 14725 17575 25260 29146 34866 60290 62882 71522 78235 78479 92930 
-99162 -93496 -92644 -77290 -62396 -61308 -54753 -53419 -38045 -31611 -26073 -11837 7193 18219 18835 28682 32981 53917 85387 
11764 7914 11708 7916
-88351 -85471 -81413 -57234 -47519 -46073 -45994 -42855 -8883 895 16754 24509 34409 44029 52553 54132 72286 83141 99654 
-99812 -88067 -81553 -78024 -72249 -65797 -65185 -37741 -37542 -27333 -16667 -7020 47671 78886 92154 92888 96952 98975 99392 
-99823 -97311 -86305 -82705 -73025 -72796 -71356 -63089 -36305 -25597 -23145 -2601 982 3889 13952 43162 44903 68982 98244 
-90605 -76028 -67246 -61155 -58608 -52386 -47991 -43359 -35006 -18372 -6154 -3879 -2789 38661 49785 59198 64064 76495 98506 
-88038 -85003 -72605 -67854 -44345 -34936 -22153 -14795 -11790 -7065 -1420 9555 10672 13997 61462 75032 87855 93627 96280 
-84587 -77320 -73207 -69237 -57360 -48461 -32973 -21172 -21040 6307 12643 15469 32109 55260 55677 68514 75623 80390 87111 
-86557 -81016 -76906 -70325 -58802 -53480 -51216 -44469 -30301 -7390 9364 14520 15226 18221 34160 55343 60195 75233 89712 
-94001 -82844 -82824 -75132 -74521 -70040 -49316 -34510 6098 8275 13650 15530 21512 39988 62244 70178 81662 88499 98986 
-91473 -85486 -66128 -31854 -19192 -14536 -9757 3414 10775 16652 17897 23189 24149 36744 37416 48795 54554 78731 95557 
-83795 -54804 -39778 -26057 -11984 -1794 2752 5195 12780 18455 38760 40221 45276 51360 53637 54128 61896 96726 96805 
-88101 -75537 -72161 -68521 -66295 -64054 -23395 -20950 -9317 842 15293 15940 52361 63570 68872 81005 93652 95425 98791 
-93429 -84527 -80414 -73894 -65400 -53013 -47889 -43706 -27991 -20921 2911 12251 15281 18692 30305 35651 73295 75077 78959 
-97730 -89237 -53979 -50890 -38887 -31114 -25137 -23473 -19086 -16143 10549 17812 41548 41558 43633 51542 60309 63367 70588 
-99980 -93353 -88455 -75499 -70365 -51788 -48323 -40783 -33949 -2413 711 19125 23443 29642 41437 50001 53751 63614 94292 
-94078 -90248 -87924 -85627 -55132 -49409 -32806 -24356 -19611 5934 8801 17555 32567 39623 40469 45435 68661 70399 85973 
-81406 -66594 -55904 -53498 -1918 2315 3633 12474 23783 31922 38522 38763 40918 44175 57316 63684 64285 65663 99428 
-98303 -89724 -68221 -32284 -25444 -21654 -18085 -7175 6149 18923 23020 24599 25214 37149 55183 61418 62341 71924 94357 
-91451 -57223 -52288 -39077 -12301 -2546 6343 9022 14725 17575 25260 29146 34866 60290 62882 71522 78235 78479 92930 
-99162 -93496 -92644 -77290 -62396 -61308 -54753 -53419 -38045 -31611 -26073 -11837 7193 18219 18835 28682 32981 53917 85387 
-91077 -97930 -91059 -98186
29880
33129
33129
53662 54384 53625 54603
72483 44821 72577 44892
